{
 "cells": [
  {
   "cell_type": "code",
   "execution_count": 1,
   "metadata": {},
   "outputs": [
    {
     "name": "stdout",
     "output_type": "stream",
     "text": [
      "0 0 0 0 0 0 0 0 0 0 \n",
      "0 1 2 3 4 5 6 7 8 9 \n",
      "0 2 4 6 8 10 12 14 16 18 \n",
      "0 3 6 9 12 15 18 21 24 27 \n",
      "0 4 8 12 16 20 24 28 32 36 \n",
      "0 5 10 15 20 25 30 35 40 45 \n",
      "0 6 12 18 24 30 36 42 48 54 \n",
      "0 7 14 21 28 35 42 49 56 63 \n",
      "0 8 16 24 32 40 48 56 64 72 \n",
      "0 9 18 27 36 45 54 63 72 81 \n"
     ]
    }
   ],
   "source": [
    "for i in range(10):\n",
    "    for j in range(10):\n",
    "        print(j*i, end=' ')\n",
    "    print()"
   ]
  }
 ],
 "metadata": {
  "kernelspec": {
   "display_name": "Python 3",
   "language": "python",
   "name": "python3"
  },
  "language_info": {
   "codemirror_mode": {
    "name": "ipython",
    "version": 3
   },
   "file_extension": ".py",
   "mimetype": "text/x-python",
   "name": "python",
   "nbconvert_exporter": "python",
   "pygments_lexer": "ipython3",
   "version": "3.7.3"
  }
 },
 "nbformat": 4,
 "nbformat_minor": 2
}
